v -0.528740 1.151477 1.534386
v -0.685069 1.100136 1.508866
v -0.846250 1.116238 1.383223
v -1.004990 1.188815 1.177324
v -1.153996 1.306896 0.911039
v -1.285976 1.459513 0.604236
v -1.393638 1.635698 0.276786
v -1.469688 1.824480 -0.051443
v -1.506835 2.014891 -0.360582
v -1.497787 2.195962 -0.630761
v -1.435250 2.356723 -0.842112
v -1.311932 2.486207 -0.974765
v -1.120541 2.573443 -1.008853
v -0.514873 2.707927 -0.930408
v 0.008762 2.762949 -0.820562
v 0.453719 2.748548 -0.681456
v 0.823352 2.674764 -0.515227
v 1.121015 2.551636 -0.324014
v 1.350062 2.389205 -0.109956
v 1.513848 2.197510 0.124809
v 1.615727 1.986592 0.378142
v 1.659054 1.766490 0.647905
v 1.647182 1.547243 0.931959
v 1.583466 1.338893 1.228166
v 1.471260 1.151477 1.534386
v 1.307160 1.005321 1.795825
v 1.066655 0.877121 2.025170
v 0.765942 0.768565 2.219394
v 0.421217 0.681342 2.375472
v 0.048680 0.617139 2.490376
v -0.335474 0.577645 2.561078
v -0.715047 0.564549 2.584553
v -1.073842 0.579538 2.557773
v -1.395660 0.624301 2.477711
v -1.664306 0.700527 2.341341
v -1.863582 0.809903 2.145636
v -1.977290 0.954117 1.887568
v -1.941820 1.035085 1.768633
v -1.797347 1.131950 1.663730
v -1.571922 1.236424 1.573531
v -1.293597 1.340219 1.498707
v -0.990423 1.435045 1.439933
v -0.690450 1.512614 1.397881
v -0.421732 1.564638 1.373222
v -0.212318 1.582828 1.366631
v -0.090261 1.558896 1.378779
v -0.083611 1.484552 1.410339
v -0.220420 1.351509 1.461984
