v 0.000000 0.000000 0.000000
v -0.150450 -0.028684 0.252168
v -0.329763 0.050056 0.371580
v -0.526165 0.217256 0.379724
v -0.727887 0.453950 0.298086
v -0.923156 0.741173 0.148151
v -1.100201 1.059959 -0.048594
v -1.247249 1.391343 -0.270663
v -1.352530 1.716359 -0.496570
v -1.404271 2.016043 -0.704829
v -1.390701 2.271428 -0.873953
v -1.300048 2.463550 -0.982455
v -1.120541 2.573443 -1.008853
v -0.514530 2.694316 -0.933728
v 0.010008 2.713455 -0.832636
v 0.456242 2.648322 -0.705905
v 0.827338 2.516382 -0.553863
v 1.126465 2.335099 -0.376837
v 1.356789 2.121936 -0.175154
v 1.521479 1.894358 0.050858
v 1.623701 1.669828 0.300871
v 1.666622 1.465812 0.574558
v 1.653412 1.299772 0.871591
v 1.587235 1.189173 1.191643
v 1.471260 1.151477 1.534386
v 1.285493 1.202824 1.875476
v 1.036216 1.333944 2.141205
v 0.734956 1.525212 2.335837
v 0.393235 1.756999 2.463638
v 0.022581 2.009680 2.528871
v -0.365483 2.263628 2.535800
v -0.759432 2.499215 2.488688
v -1.147740 2.696815 2.391802
v -1.518882 2.836802 2.249404
v -1.861333 2.899549 2.065759
v -2.163568 2.865428 1.845130
v -2.414063 2.714814 1.591783
v -2.529027 2.498875 1.314393
v -2.477559 2.262693 1.002501
v -2.292347 2.011778 0.674355
v -2.006075 1.751643 0.348198
v -1.651428 1.487799 0.042275
v -1.261093 1.225757 -0.225167
v -0.867754 0.971030 -0.435883
v -0.504097 0.729127 -0.571630
v -0.202808 0.505561 -0.614159
v 0.003429 0.305844 -0.545228
v 0.081927 0.135486 -0.346590
