v -3.354638 0.000000 0.000000
v -3.353954 0.000000 -0.124330
v -3.351580 0.000000 -0.241384
v -3.347036 0.000000 -0.352455
v -3.339839 0.000000 -0.458834
v -3.329510 0.000000 -0.561814
v -3.315566 0.000000 -0.662686
v -3.297527 0.000000 -0.762744
v -3.274910 0.000000 -0.863279
v -3.247236 0.000000 -0.965584
v -3.214022 0.000000 -1.070950
v -3.174788 0.000000 -1.180670
v -3.129051 0.000000 -1.296037
v -3.079789 0.000000 -1.409947
v -3.029922 0.000000 -1.515266
v -2.978877 0.000000 -1.613246
v -2.926079 0.000000 -1.705143
v -2.870957 0.000000 -1.792212
v -2.812938 0.000000 -1.875706
v -2.751448 0.000000 -1.956882
v -2.685915 0.000000 -2.036993
v -2.615765 0.000000 -2.117294
v -2.540426 0.000000 -2.199041
v -2.459324 0.000000 -2.283487
v -2.371887 0.000000 -2.371887
v -2.283487 0.000000 -2.459324
v -2.199041 0.000000 -2.540426
v -2.117294 0.000000 -2.615765
v -2.036993 0.000000 -2.685915
v -1.956882 0.000000 -2.751448
v -1.875706 0.000000 -2.812938
v -1.792212 0.000000 -2.870957
v -1.705143 0.000000 -2.926079
v -1.613246 0.000000 -2.978877
v -1.515266 0.000000 -3.029922
v -1.409948 0.000000 -3.079789
v -1.296037 0.000000 -3.129051
v -1.180670 0.000000 -3.174787
v -1.070950 0.000000 -3.214022
v -0.965584 0.000000 -3.247236
v -0.863279 0.000000 -3.274910
v -0.762744 0.000000 -3.297526
v -0.662686 0.000000 -3.315566
v -0.561813 0.000000 -3.329510
v -0.458834 0.000000 -3.339839
v -0.352455 0.000000 -3.347036
v -0.241384 0.000000 -3.351580
v -0.124330 0.000000 -3.353954
v 0.000000 0.000000 -3.354638
v 0.124330 0.000000 -3.353954
v 0.241384 0.000000 -3.351580
v 0.352455 0.000000 -3.347036
v 0.458834 0.000000 -3.339839
v 0.561814 0.000000 -3.329510
v 0.662686 0.000000 -3.315566
v 0.762744 0.000000 -3.297527
v 0.863279 0.000000 -3.274910
v 0.965584 0.000000 -3.247236
v 1.070950 0.000000 -3.214022
v 1.180670 0.000000 -3.174788
v 1.296037 0.000000 -3.129051
v 1.409947 0.000000 -3.079789
v 1.515266 0.000000 -3.029922
v 1.613246 0.000000 -2.978877
v 1.705143 0.000000 -2.926079
v 1.792212 0.000000 -2.870957
v 1.875706 0.000000 -2.812938
v 1.956882 0.000000 -2.751448
v 2.036993 0.000000 -2.685915
v 2.117294 0.000000 -2.615765
v 2.199041 0.000000 -2.540426
v 2.283487 0.000000 -2.459324
v 2.371887 0.000000 -2.371887
v 2.459324 0.000000 -2.283487
v 2.540426 0.000000 -2.199041
v 2.615765 0.000000 -2.117294
v 2.685915 0.000000 -2.036993
v 2.751448 0.000000 -1.956882
v 2.812938 0.000000 -1.875706
v 2.870957 0.000000 -1.792212
v 2.926079 0.000000 -1.705143
v 2.978877 0.000000 -1.613246
v 3.029922 0.000000 -1.515266
v 3.079789 0.000000 -1.409948
v 3.129051 0.000000 -1.296037
v 3.174787 0.000000 -1.180670
v 3.214022 0.000000 -1.070950
v 3.247236 0.000000 -0.965584
v 3.274910 0.000000 -0.863279
v 3.297526 0.000000 -0.762744
v 3.315566 0.000000 -0.662686
v 3.329510 0.000000 -0.561813
v 3.339839 0.000000 -0.458834
v 3.347036 0.000000 -0.352455
v 3.351580 0.000000 -0.241384
v 3.353954 0.000000 -0.124330
v 3.354638 0.000000 0.000000
v 3.353954 0.000000 0.124330
v 3.351580 0.000000 0.241384
v 3.347036 0.000000 0.352455
v 3.339839 0.000000 0.458834
v 3.329510 0.000000 0.561814
v 3.315566 0.000000 0.662686
v 3.297527 0.000000 0.762744
v 3.274910 0.000000 0.863279
v 3.247236 0.000000 0.965584
v 3.214022 0.000000 1.070950
v 3.174788 0.000000 1.180670
v 3.129051 0.000000 1.296037
v 3.079789 0.000000 1.409947
v 3.029922 0.000000 1.515266
v 2.978877 0.000000 1.613246
v 2.926079 0.000000 1.705143
v 2.870957 0.000000 1.792212
v 2.812938 0.000000 1.875706
v 2.751448 0.000000 1.956882
v 2.685915 0.000000 2.036993
v 2.615765 0.000000 2.117294
v 2.540426 0.000000 2.199041
v 2.459324 0.000000 2.283487
v 2.371887 0.000000 2.371887
v 2.283487 0.000000 2.459324
v 2.199041 0.000000 2.540426
v 2.117294 0.000000 2.615765
v 2.036993 0.000000 2.685915
v 1.956882 0.000000 2.751448
v 1.875706 0.000000 2.812938
v 1.792212 0.000000 2.870957
v 1.705143 0.000000 2.926079
v 1.613246 0.000000 2.978877
v 1.515266 0.000000 3.029922
v 1.409948 0.000000 3.079789
v 1.296037 0.000000 3.129051
v 1.180670 0.000000 3.174787
v 1.070950 0.000000 3.214022
v 0.965584 0.000000 3.247236
v 0.863279 0.000000 3.274910
v 0.762744 0.000000 3.297526
v 0.662686 0.000000 3.315566
v 0.561813 0.000000 3.329510
v 0.458834 0.000000 3.339839
v 0.352455 0.000000 3.347036
v 0.241384 0.000000 3.351580
v 0.124330 0.000000 3.353954
v 0.000000 0.000000 3.354638
v -0.124330 0.000000 3.353954
v -0.241384 0.000000 3.351580
v -0.352455 0.000000 3.347036
v -0.458834 0.000000 3.339839
v -0.561814 0.000000 3.329510
v -0.662686 0.000000 3.315566
v -0.762744 0.000000 3.297527
v -0.863279 0.000000 3.274910
v -0.965584 0.000000 3.247236
v -1.070950 0.000000 3.214022
v -1.180670 0.000000 3.174788
v -1.296037 0.000000 3.129051
v -1.409947 0.000000 3.079789
v -1.515266 0.000000 3.029922
v -1.613246 0.000000 2.978877
v -1.705143 0.000000 2.926079
v -1.792212 0.000000 2.870957
v -1.875706 0.000000 2.812938
v -1.956882 0.000000 2.751448
v -2.036993 0.000000 2.685915
v -2.117294 0.000000 2.615765
v -2.199041 0.000000 2.540426
v -2.283487 0.000000 2.459324
v -2.371887 0.000000 2.371887
v -2.459324 0.000000 2.283487
v -2.540426 0.000000 2.199041
v -2.615765 0.000000 2.117294
v -2.685915 0.000000 2.036993
v -2.751448 0.000000 1.956882
v -2.812938 0.000000 1.875706
v -2.870957 0.000000 1.792212
v -2.926079 0.000000 1.705143
v -2.978877 0.000000 1.613246
v -3.029922 0.000000 1.515266
v -3.079789 0.000000 1.409948
v -3.129051 0.000000 1.296037
v -3.174787 0.000000 1.180670
v -3.214022 0.000000 1.070950
v -3.247236 0.000000 0.965584
v -3.274910 0.000000 0.863279
v -3.297526 0.000000 0.762744
v -3.315566 0.000000 0.662686
v -3.329510 0.000000 0.561813
v -3.339839 0.000000 0.458834
v -3.347036 0.000000 0.352455
v -3.351580 0.000000 0.241384
v -3.353954 0.000000 0.124330
