v 0.000000 0.000000 0.000000
v -0.116492 0.148711 0.058955
v -0.191460 0.263913 0.043559
v -0.227112 0.350563 -0.032630
v -0.225655 0.413619 -0.156058
v -0.189297 0.458038 -0.313167
v -0.120244 0.488778 -0.490402
v -0.020703 0.510796 -0.674206
v 0.107117 0.529050 -0.851023
v 0.261011 0.548496 -1.007296
v 0.438770 0.574094 -1.129470
v 0.638187 0.610799 -1.203988
v 0.857056 0.663570 -1.217293
v 1.249955 0.827372 -1.121779
v 1.196737 0.965421 -0.964424
v 0.792929 1.080372 -0.752910
v 0.134060 1.174879 -0.494918
v -0.684339 1.251595 -0.198132
v -1.566741 1.313174 0.129767
v -2.417616 1.362269 0.481097
v -3.141435 1.401536 0.848176
v -3.642670 1.433628 1.223321
v -3.825790 1.461198 1.598850
v -3.595267 1.486901 1.967082
v -2.855572 1.513390 2.320335
v -2.472676 1.472279 2.420623
v -2.068924 1.337194 2.481192
v -1.655267 1.120443 2.511664
v -1.242658 0.834334 2.521663
v -0.842049 0.491178 2.520812
v -0.464390 0.103284 2.518735
v -0.120634 -0.317040 2.525054
v 0.178267 -0.757484 2.549394
v 0.421361 -1.205740 2.601377
v 0.597696 -1.649497 2.690628
v 0.696321 -2.076447 2.826768
v 0.706283 -2.474282 3.019422
v 0.685353 -2.730015 3.109672
v 0.683886 -2.844487 3.012829
v 0.693976 -2.834881 2.766373
v 0.707714 -2.718377 2.407786
v 0.717192 -2.512161 1.974547
v 0.714502 -2.233413 1.504138
v 0.691737 -1.899317 1.034038
v 0.640988 -1.527055 0.601728
v 0.554348 -1.133809 0.244688
v 0.423909 -0.736764 0.000400
v 0.241762 -0.353100 -0.093657
