v -1.360339 0.000000 0.000000
v -1.360062 0.000000 -0.050417
v -1.359099 0.000000 -0.097884
v -1.357256 0.000000 -0.142924
v -1.354338 0.000000 -0.186062
v -1.350150 0.000000 -0.227821
v -1.344495 0.000000 -0.268726
v -1.337180 0.000000 -0.309300
v -1.328009 0.000000 -0.350068
v -1.316786 0.000000 -0.391554
v -1.303318 0.000000 -0.434281
v -1.287408 0.000000 -0.478774
v -1.268861 0.000000 -0.525556
v -1.248885 0.000000 -0.571748
v -1.228664 0.000000 -0.614455
v -1.207964 0.000000 -0.654187
v -1.186554 0.000000 -0.691453
v -1.164202 0.000000 -0.726760
v -1.140674 0.000000 -0.760618
v -1.115740 0.000000 -0.793535
v -1.089165 0.000000 -0.826021
v -1.060719 0.000000 -0.858584
v -1.030168 0.000000 -0.891733
v -0.997280 0.000000 -0.925977
v -0.961824 0.000000 -0.961824
v -0.925977 0.000000 -0.997280
v -0.891733 0.000000 -1.030168
v -0.858584 0.000000 -1.060719
v -0.826021 0.000000 -1.089165
v -0.793535 0.000000 -1.115740
v -0.760618 0.000000 -1.140674
v -0.726760 0.000000 -1.164202
v -0.691453 0.000000 -1.186554
v -0.654187 0.000000 -1.207964
v -0.614455 0.000000 -1.228664
v -0.571748 0.000000 -1.248885
v -0.525556 0.000000 -1.268861
v -0.478774 0.000000 -1.287408
v -0.434281 0.000000 -1.303318
v -0.391554 0.000000 -1.316786
v -0.350068 0.000000 -1.328009
v -0.309300 0.000000 -1.337180
v -0.268726 0.000000 -1.344495
v -0.227821 0.000000 -1.350150
v -0.186062 0.000000 -1.354338
v -0.142924 0.000000 -1.357256
v -0.097884 0.000000 -1.359099
v -0.050417 0.000000 -1.360062
v 0.000000 0.000000 -1.360339
v 0.050417 0.000000 -1.360062
v 0.097884 0.000000 -1.359099
v 0.142924 0.000000 -1.357256
v 0.186062 0.000000 -1.354338
v 0.227821 0.000000 -1.350150
v 0.268726 0.000000 -1.344495
v 0.309300 0.000000 -1.337180
v 0.350068 0.000000 -1.328009
v 0.391554 0.000000 -1.316786
v 0.434281 0.000000 -1.303318
v 0.478774 0.000000 -1.287408
v 0.525556 0.000000 -1.268861
v 0.571748 0.000000 -1.248885
v 0.614455 0.000000 -1.228664
v 0.654187 0.000000 -1.207964
v 0.691453 0.000000 -1.186554
v 0.726760 0.000000 -1.164202
v 0.760618 0.000000 -1.140674
v 0.793535 0.000000 -1.115740
v 0.826021 0.000000 -1.089165
v 0.858584 0.000000 -1.060719
v 0.891733 0.000000 -1.030168
v 0.925977 0.000000 -0.997280
v 0.961824 0.000000 -0.961824
v 0.997280 0.000000 -0.925977
v 1.030168 0.000000 -0.891733
v 1.060719 0.000000 -0.858584
v 1.089165 0.000000 -0.826021
v 1.115740 0.000000 -0.793535
v 1.140674 0.000000 -0.760618
v 1.164202 0.000000 -0.726760
v 1.186554 0.000000 -0.691453
v 1.207964 0.000000 -0.654187
v 1.228664 0.000000 -0.614455
v 1.248885 0.000000 -0.571748
v 1.268861 0.000000 -0.525556
v 1.287408 0.000000 -0.478774
v 1.303318 0.000000 -0.434281
v 1.316786 0.000000 -0.391554
v 1.328009 0.000000 -0.350068
v 1.337180 0.000000 -0.309300
v 1.344495 0.000000 -0.268726
v 1.350150 0.000000 -0.227821
v 1.354338 0.000000 -0.186062
v 1.357256 0.000000 -0.142924
v 1.359099 0.000000 -0.097884
v 1.360062 0.000000 -0.050417
v 1.360339 0.000000 0.000000
v 1.360062 0.000000 0.050417
v 1.359099 0.000000 0.097884
v 1.357256 0.000000 0.142924
v 1.354338 0.000000 0.186062
v 1.350150 0.000000 0.227821
v 1.344495 0.000000 0.268726
v 1.337180 0.000000 0.309300
v 1.328009 0.000000 0.350068
v 1.316786 0.000000 0.391554
v 1.303318 0.000000 0.434281
v 1.287408 0.000000 0.478774
v 1.268861 0.000000 0.525556
v 1.248885 0.000000 0.571748
v 1.228664 0.000000 0.614455
v 1.207964 0.000000 0.654187
v 1.186554 0.000000 0.691453
v 1.164202 0.000000 0.726760
v 1.140674 0.000000 0.760618
v 1.115740 0.000000 0.793535
v 1.089165 0.000000 0.826021
v 1.060719 0.000000 0.858584
v 1.030168 0.000000 0.891733
v 0.997280 0.000000 0.925977
v 0.961824 0.000000 0.961824
v 0.925977 0.000000 0.997280
v 0.891733 0.000000 1.030168
v 0.858584 0.000000 1.060719
v 0.826021 0.000000 1.089165
v 0.793535 0.000000 1.115740
v 0.760618 0.000000 1.140674
v 0.726760 0.000000 1.164202
v 0.691453 0.000000 1.186554
v 0.654187 0.000000 1.207964
v 0.614455 0.000000 1.228664
v 0.571748 0.000000 1.248885
v 0.525556 0.000000 1.268861
v 0.478774 0.000000 1.287408
v 0.434281 0.000000 1.303318
v 0.391554 0.000000 1.316786
v 0.350068 0.000000 1.328009
v 0.309300 0.000000 1.337180
v 0.268726 0.000000 1.344495
v 0.227821 0.000000 1.350150
v 0.186062 0.000000 1.354338
v 0.142924 0.000000 1.357256
v 0.097884 0.000000 1.359099
v 0.050417 0.000000 1.360062
v 0.000000 0.000000 1.360339
v -0.050417 0.000000 1.360062
v -0.097884 0.000000 1.359099
v -0.142924 0.000000 1.357256
v -0.186062 0.000000 1.354338
v -0.227821 0.000000 1.350150
v -0.268726 0.000000 1.344495
v -0.309300 0.000000 1.337180
v -0.350068 0.000000 1.328009
v -0.391554 0.000000 1.316786
v -0.434281 0.000000 1.303318
v -0.478774 0.000000 1.287408
v -0.525556 0.000000 1.268861
v -0.571748 0.000000 1.248885
v -0.614455 0.000000 1.228664
v -0.654187 0.000000 1.207964
v -0.691453 0.000000 1.186554
v -0.726760 0.000000 1.164202
v -0.760618 0.000000 1.140674
v -0.793535 0.000000 1.115740
v -0.826021 0.000000 1.089165
v -0.858584 0.000000 1.060719
v -0.891733 0.000000 1.030168
v -0.925977 0.000000 0.997280
v -0.961824 0.000000 0.961824
v -0.997280 0.000000 0.925977
v -1.030168 0.000000 0.891733
v -1.060719 0.000000 0.858584
v -1.089165 0.000000 0.826021
v -1.115740 0.000000 0.793535
v -1.140674 0.000000 0.760618
v -1.164202 0.000000 0.726760
v -1.186554 0.000000 0.691453
v -1.207964 0.000000 0.654187
v -1.228664 0.000000 0.614455
v -1.248885 0.000000 0.571748
v -1.268861 0.000000 0.525556
v -1.287408 0.000000 0.478774
v -1.303318 0.000000 0.434281
v -1.316786 0.000000 0.391554
v -1.328009 0.000000 0.350068
v -1.337180 0.000000 0.309300
v -1.344495 0.000000 0.268726
v -1.350150 0.000000 0.227821
v -1.354338 0.000000 0.186062
v -1.357256 0.000000 0.142924
v -1.359099 0.000000 0.097884
v -1.360062 0.000000 0.050417
